Group_name,ID,S1,S2,S3,S4,S5,S6,S7,S8,S9,S10,S11,S12,exp_id
col0,Cu_col0,1.889152745,0.784100784,2.121061614,3.753829908,5.719699533,5.614053728,7.680474322,8.285412228,0.860119912,3.284510019,1.44510249,2.783037689,1
col0,Zn_col0,123.7837334,114.7476028,148.4315496,139.549157,140.8011031,140.5846141,151.4797189,134.002007,120.2812594,137.5013139,127.9882486,135.7915102,1
col0,As_col0,0.66483753,0.708417195,0.707305627,0.572012177,0.560552652,0.462291146,0.379697626,0.376114108,0.597292049,0.418291624,0.368064365,0.776934729,1
col0,Se_col0,0.715545478,0.526964616,0.127520277,0.13521665,0.223447631,0.233167255,0.696167777,0.474533661,0.13983604,0.362037101,0,0.392637467,1
col0,Mo_col0,0.033332024,0.044291352,0.118368922,0.204718553,0.308046149,0.284383183,0.4918432,0.537219345,0.037826883,0.155960514,0.114934232,0.165913419,1
col0,Mn_col0,175.5621818,138.0167807,167.5039988,204.7791473,210.2993196,193.1483305,189.3496486,214.7968894,139.6908309,169.1143391,186.7149629,196.440193,1
fpt2,Cd_fpt2,5.282497678,7.583601774,7.602272376,10.94703753,11.0203213,11.74548511,5.350213586,8.647278032,6.495566367,8.8144091,9.270807357,8.951620181,1
fpt2,Mo_fpt2,0.11995559,0.374270529,0.165329523,0.175097968,0.162203624,0.110252792,0.088363489,0.101083941,0.419384657,0.217038512,0.118037843,0.196770637,1
fpt2,Se_fpt2,1.119545402,0.00037694,0.593554381,1.128166313,0.085061374,0.916347044,0,1.317111804,0,0,0.547805185,0.310914107,1
fpt2,As_fpt2,0.508397539,1.144928439,1.907533527,0.465471041,0.597534004,1.022845572,0.751810571,0.79588676,0.481306298,0.704085034,0.611716722,0.496258022,1
fpt2,Zn_fpt2,88.43265672,102.09978,107.4666776,103.119318,98.68448518,105.1960277,78.78562835,84.43564739,105.8689975,97.04154299,86.38961017,87.61862333,1
fpt2,Cu_fpt2,2.448441584,5.286118395,0.820428478,1.85956227,0.513857092,0.637458813,1.063348513,0.924436872,4.367153608,3.586859477,1.213368635,2.611645501,1
fpt2,Ni_fpt2,3.827269129,6.60168979,6.88085255,8.911967545,4.099670279,4.740333748,2.975316082,5.030313403,3.807238546,3.692442574,3.718946908,8.716485457,1
fpt2,Co_fpt2,2.863533646,3.265095672,5.557420317,5.75829198,5.737212494,7.769029289,3.558741683,5.803018994,3.480851276,4.562613378,6.117167219,5.210090455,1
fpt2,Fe_fpt2,157.6146671,155.0562952,145.5277925,140.6110435,142.0458499,123.4310275,142.1745882,137.4713494,131.1984884,130.3773298,120.6099606,985.915771,1
fpt2,Mn_fpt2,238.6478566,200.7676346,157.767053,174.9613858,139.5538174,214.2229378,201.8044951,213.6179731,177.7201668,219.5297987,161.7638461,147.0210798,1
fpt2,Ca_fpt2,72009.44904,65444.91034,65574.57455,64637.3738,67727.90425,59830.71964,70598.10227,65497.3358,71667.28922,76696.03612,71963.38401,66250.23968,1
fpt2,K_fpt2,75739.26177,85559.80631,74132.10629,83929.56408,84839.86044,93473.52793,75953.46524,75795.39396,83803.37924,58806.22599,80686.21843,74170.56721,1
fpt2,P_fpt2,14143.20925,14885.97633,17617.56969,14423.04633,22921.16073,16587.72033,16055.79014,20392.40303,16834.22791,11714.97845,20733.50644,14941.36788,1
fpt2,Mg_fpt2,32924.6211,31187.62188,34374.4109,29829.48217,31233.47342,28340.8672,32590.47332,29440.08305,31466.491,33685.75322,34237.12512,28880.3193,1
fpt2,Na_fpt2,1693.455297,1576.779049,3450.376893,2014.582702,3923.566653,1353.833802,3876.45889,3027.601001,1877.876052,2009.637822,3426.508292,2401.261801,1
fpt2,B_fpt2,0,271.5034299,180.8027344,220.9894787,415.1172284,0,0,371.1796679,160.2515524,113.4128546,725.2254006,339.8728049,1
fpt2,Li_fpt2,9.613291526,11.83537599,14.0900755,12.50407094,11.97283148,14.90979388,14.6345592,13.02360152,10.47197465,13.1622973,13.62663301,14.17821132,1
ler2,Ca_ler2,74630.48531,70834.39034,78483.67842,68727.85006,71653.497,69980.05003,71818.88317,75591.19683,75512.20897,73043.79614,67033.79148,68884.50575,1
ler2,Mn_ler2,198.0168206,230.5405755,175.358377,211.0307736,264.2824473,249.3768241,234.0989979,217.8805085,242.9069676,267.2947928,253.1293642,218.4289899,1
ler2,Cd_ler2,8.652215604,9.798444182,11.49898534,10.89180735,8.988522771,10.89793487,8.867121685,12.30357892,9.160168601,10.95898969,11.29176734,12.45065337,1
ler2,Li_ler2,9.595348111,13.03014581,13.91740449,13.65247764,11.44840875,11.90754289,9.79269027,14.19335884,11.44318916,13.33085584,10.98062342,13.51165159,1
ler2,B_ler2,211.2206757,99.158752,289.2447691,227.8837028,221.2655018,33.71434702,125.6503014,0,228.8236598,242.075563,201.692154,473.0283738,1
ler2,Na_ler2,1367.132077,1376.761261,1984.391072,1636.820679,1361.012674,1314.312815,1271.783627,1590.083058,1456.077611,1754.212838,1525.392917,1834.240865,1
ler2,Mg_ler2,29934.20564,30372.35862,32198.0785,28691.7106,29934.82463,26938.67447,29993.66124,30774.51019,29839.76079,29803.22418,28648.87187,28486.19468,1
ler2,Fe_ler2,154.3866908,157.1696751,162.16282,151.1627492,142.5305148,142.3292163,147.7417025,140.1994374,150.9040478,137.7134526,129.9715111,131.9415591,1
ler2,K_ler2,81888.50503,74169.43127,66253.65003,73221.9645,71995.14783,82445.24645,84829.23404,76569.43585,75070.85174,61184.46542,76486.26502,71537.0013,1
ler2,Mo_ler2,0.017669382,-0.015444528,-0.066161695,0.020865531,0.090506411,0.00079493,0.044313779,-0.036057001,0.057135699,0.015199305,0.005462742,0.007921316,1
ler2,Co_ler2,2.052748404,2.144760121,3.311303175,2.529544412,2.287197017,3.027366123,2.228350029,3.167271147,2.1056752,2.447862671,2.979104576,2.921362149,1
ler2,Ni_ler2,3.223462885,2.521009105,4.083266245,3.068517136,3.036344112,2.720474445,3.346454343,2.795095666,4.622213854,2.83365396,2.813686289,5.284896445,1
ler2,Cu_ler2,4.058750239,3.319070306,1.409211918,4.378551494,6.842334369,4.927761857,5.431166606,2.256619553,4.513880717,1.673859822,4.982241259,2.254219328,1
ler2,Zn_ler2,165.7452866,133.166775,97.8402271,135.0802396,141.2881482,151.2954103,149.8809884,116.5883048,129.3577905,112.8330608,158.9590966,143.3955172,1
ler2,As_ler2,0.250791235,0.323827777,0.327727979,0.843288473,0.475205247,0.509542239,0.307795214,0.275418749,0.607468036,0.322428579,0.335917278,0.342774766,1
ler2,Se_ler2,0.734413182,0.459625006,0.791733417,0.310735912,0.78734987,0.870741352,0.621266084,0.766139013,0.541665686,1.736786882,1.441108361,0.600428539,1
ler2,P_ler2,12063.89493,10070.88414,9710.45863,10304.36239,10718.51834,10573.54818,12289.9791,9386.64803,10508.31431,9584.275438,10827.02073,9372.150957,1
col0,Li_col0,13.15092541,12.93047029,12.45557258,11.16628721,13.80821468,12.51346599,12.43548537,10.75895901,12.2450786,10.6046426,11.37370893,13.21622012,2
col0,B_col0,126.4045162,104.8117357,104.1842403,101.4040924,84.02048271,113.1579645,128.7160565,102.4828031,96.04792128,135.0647264,127.9024979,125.045775,2
col0,Na_col0,1804.711611,1654.339581,1588.168604,1557.23016,1794.700143,1778.052808,1715.103595,1512.699721,1580.796518,1438.108234,1687.434399,1642.296891,2
col0,Mg_col0,26753.18436,24563.92018,25618.68625,27458.67625,26878.06755,25959.57099,26121.78794,29683.81917,28285.56901,25501.11994,25408.60473,27974.8167,2
col0,P_col0,15684.6185,16710.84483,18716.59905,16187.17078,17975.29115,17991.88152,18102.02047,16435.92126,17611.91091,18151.27486,16804.31275,17349.55665,2
col0,K_col0,74174.33198,74245.19375,86709.39963,64709.22626,74939.48105,81454.94749,76835.9142,90930.55681,87534.49757,94832.68023,80090.26498,77757.84892,2
col0,Ca_col0,68664.95021,73393.75805,68189.8674,74014.46561,71488.13462,67566.00669,70021.53474,76849.70723,79621.13896,68844.27774,69267.2562,73952.73939,2
col0,Mn_col0,170.5418233,165.3771957,170.8545563,191.9246716,159.2145713,150.8661033,160.274205,175.4156543,159.2047739,156.8050246,169.4119198,160.3664863,2
col0,Fe_col0,147.5082498,146.1063675,135.2163283,141.8802395,139.3268947,135.4339469,125.7783018,155.8809545,164.4553435,135.0022543,117.5251424,111.6262284,2
col0,Co_col0,1.401001545,2.174850611,1.684565143,2.789270154,2.105887116,1.939084005,1.141181414,1.4343626,0.967980027,1.286613339,2.203118935,1.316684084,2
col0,Ni_col0,2.240170656,2.670102381,2.393293396,2.706410779,2.639148428,2.43459042,2.417438972,2.476047986,2.64928745,2.3676934,2.584470832,2.471868862,2
col0,Cu_col0,5.630774929,3.278027477,3.554325609,2.792887032,2.462054751,3.115282712,5.878538016,5.657130061,4.54549319,4.476127496,1.940820134,3.816728184,2
col0,Zn_col0,125.8753666,112.7300878,127.8797444,117.7129218,104.9265894,120.4043684,133.22869,114.3325322,114.4249152,139.4065388,108.580244,129.2575374,2
col0,As_col0,0.414915588,0.546621725,0.288002469,0.322296665,0.576827489,0.396203843,0.343141864,0.287170003,0.379541181,0.26356988,0.197137922,0.26374347,2
col0,Se_col0,0,0,0.903420771,0.169006821,0.113385217,0.597157358,1.027608423,0.361788589,0,0.056662214,0.136369911,0,2
col0,Mo_col0,0.350483835,0.199604911,0.240516489,0.168908179,0.150784233,0.12385983,0.259218995,0.269073136,0.270404339,0.258322222,0.153814054,0.264004889,2
col0,Cd_col0,7.697571254,9.893682929,8.670939963,10.62704366,10.43042154,9.329745015,7.741135069,7.709760951,6.398194209,7.49977817,10.68931279,8.037204631,2
152-54,Li_152-54,11.04595732,12.609293,11.55338045,12.27614828,10.07390427,14.75677814,10.72728407,13.4438473,11.15260459,14.58171502,10.90788351,0,2
152-54,B_152-54,133.8903917,144.1520702,172.7527054,139.2659834,218.4997624,96.97311351,109.8470244,123.1027219,121.9816128,168.0700208,127.1506079,0,2
152-54,Na_152-54,1604.875371,1485.263953,1390.411733,1547.037658,1747.55883,1695.858314,1282.307964,1337.315664,1517.254389,1995.804333,1274.358152,0,2
152-54,Mg_152-54,26841.40488,25523.58481,24505.1092,23115.19013,23936.50438,23651.83608,22707.48941,24769.49969,24566.59132,22431.06743,23892.59485,0,2
152-54,P_152-54,17767.61685,17075.92034,17350.85693,16465.9802,18961.78203,16788.76307,16613.73598,16119.99343,18011.24358,17750.14132,17548.02843,0,2
152-54,K_152-54,66492.86345,63929.3563,63114.63967,63617.88644,70575.89913,74428.03579,63898.98454,67812.53303,65447.0594,62412.34804,74490.96583,0,2
152-54,Ca_152-54,70880.48778,69146.44124,67763.20296,60269.57663,62046.75779,55214.94488,63876.20416,68494.19289,67096.53814,53024.41825,64975.41259,0,2
152-54,Mn_152-54,291.7091676,267.0344864,228.3842919,224.8701165,264.2935642,251.8021667,230.7653167,226.5130478,235.3965779,206.2736795,243.1522024,0,2
152-54,Fe_152-54,146.0581334,151.2954634,139.0411733,128.8358501,127.9737258,136.5587565,178.8032548,139.361572,115.0644439,98.26902432,119.0092353,0,2
152-54,Co_152-54,2.960063255,2.620180586,2.657995574,2.790653258,1.729988067,3.129959491,2.091922906,2.114155442,2.374185196,2.813771178,1.861625947,0,2
152-54,Ni_152-54,2.358461157,2.347688226,2.323525777,2.10350897,2.303234218,2.207075271,3.050293772,2.585258147,2.394404612,1.984504047,2.293585394,0,2
152-54,Cu_152-54,2.369317135,3.40675647,2.169707463,2.107657318,5.981380663,1.817074705,2.672139354,4.544399086,3.000987114,1.579432262,5.211515535,0,2
152-54,Zn_152-54,104.8054181,93.5062148,108.8444085,96.09352852,110.3663568,112.8425059,97.24947059,94.77596761,110.3022391,113.1332465,119.7092897,0,2
152-54,As_152-54,0.214857892,0.219599145,0.215874744,0.209639752,0.684527652,0.69626227,0.217803277,0.31634067,0.375921524,0.621081096,0.233351442,0,2
152-54,Se_152-54,0.135156922,0,0.379443702,0.145814448,0,0,0,0.171626805,0,0,0.065831035,0,2
152-54,Mo_152-54,0.109600142,0.21325838,0.076984743,0.146051496,0.215095427,0.071324428,0.163517615,0.199069927,0.142227634,0.069670609,0.225261925,0,2
152-54,Cd_152-54,10.6479048,11.21271949,12.30546508,12.90136365,9.352770865,14.77434574,10.29673476,10.11381263,11.07545156,14.85118337,10.76268706,0,2
fpt2,Li_fpt2,9.884971493,8.355112397,10.53635201,11.30634932,12.28736713,11.06450399,12.06632344,13.14302156,11.80980933,9.18267247,11.813214,11.1147428,2
fpt2,B_fpt2,127.0463423,151.392863,106.6382257,95.62630145,148.4340429,96.76157473,109.1405455,116.1913376,159.6485023,124.3832172,144.7131277,96.24687757,2
fpt2,Na_fpt2,2380.330671,2232.886368,2448.527293,2349.847087,2205.915236,2027.896309,2020.902359,2731.558661,2966.62127,2343.561836,2492.78412,2509.310928,2
fpt2,Mg_fpt2,26189.17517,24127.84164,22605.99272,27598.06595,26939.52835,24876.43845,26974.91015,28316.53168,28465.39526,23264.2684,28038.1685,24607.74933,2
fpt2,P_fpt2,15528.9118,14949.25342,18002.48462,16913.14847,15920.98542,15606.7056,16146.53713,15467.66541,17590.7358,15730.48817,18104.21525,15934.36707,2
fpt2,K_fpt2,77113.85325,79560.43344,75826.77114,81899.15051,79843.98095,83040.67939,81367.91078,81995.78572,78035.42279,87753.65187,77130.08717,86539.67862,2
fpt2,Ca_fpt2,66915.07313,57066.87459,59109.91814,63024.31798,70318.60506,64410.17457,74513.38816,68186.82928,73784.74157,61910.70702,70396.90692,61737.78531,2
fpt2,Mn_fpt2,218.0969901,222.465161,209.7801161,216.8518844,174.8770748,241.5462831,187.4652846,223.9257108,187.1008185,235.142708,161.0184784,227.9007633,2
fpt2,Fe_fpt2,157.7349793,167.6723466,140.9460155,140.332293,123.3150014,153.3358825,142.0836176,139.8463251,122.3133522,152.1082026,104.4899129,129.154282,2
fpt2,Co_fpt2,3.139470638,2.813120103,4.905795424,2.885947982,2.771921163,3.940693164,2.904013054,3.511478716,2.642152604,2.896095233,2.258127764,3.78338079,2
fpt2,Ni_fpt2,2.448630193,2.751042694,2.766839483,2.560855658,2.475126632,2.668096378,3.046126217,2.604908469,2.620190751,2.723621666,2.29631595,2.516591327,2
fpt2,Cu_fpt2,2.903652691,3.919111478,0.79468787,3.78702414,3.795439352,2.621276262,3.959077722,2.237214363,3.151525904,3.044973067,5.233288976,3.099023264,2
fpt2,Zn_fpt2,87.08189173,92.67270233,97.13256418,93.91040758,90.25201716,90.74649028,89.69970121,85.91785619,89.33515037,89.83232352,105.4697414,94.49958176,2
fpt2,As_fpt2,0.21920455,0.285619422,0.289795206,0.573665058,0.277890889,0.336844729,0.30608989,0.803207348,0.426839239,0.250564204,0.550462609,0.259182212,2
fpt2,Se_fpt2,-0.763293317,1.596909655,0.301741018,0.387142757,0.301023945,0.267557459,0,0.002555474,0.918147144,0,0.005034811,0,2
fpt2,Mo_fpt2,0.200006846,0.229749755,0.122735936,0.227100872,0.315367175,0.234425724,0.36252152,0.253218675,0.2496921,0.256238416,0.289426255,0.20224949,2
fpt2,Cd_fpt2,5.957748925,5.396300418,7.589961146,6.729086489,6.42503154,7.507475673,6.044979864,7.100581743,5.844686682,5.39331023,5.811136535,7.379898,2
ler2,Li_ler2,14.03071622,12.90921919,8.599662239,13.87630241,11.32862656,14.37107568,11.87906397,13.35548498,12.07178673,10.70460341,9.985036589,14.0284323,2
ler2,B_ler2,112.7678029,120.6931888,142.6313751,105.1449752,115.6304303,80.29317618,117.3079631,92.52016063,133.5796824,161.4137473,202.1883316,117.1635582,2
ler2,Na_ler2,1403.071622,1849.722645,1413.54772,1957.641189,1658.045702,1697.462111,1575.167413,2054.808219,1413.654696,1975.56502,1692.197623,1867.705168,2
ler2,Mg_ler2,29514.53607,24925.13401,26118.13747,24867.12123,27507.87078,26010.69798,25950.37125,24244.27797,27963.95237,24439.87407,26878.67308,24460.30119,2
ler2,P_ler2,9049.268136,8719.42748,13822.12919,8790.293131,11004.04991,9634.35593,10841.19033,9036.852899,10087.1743,9885.504153,10917.09929,9811.033536,2
ler2,K_ler2,60212.43798,68891.24496,89246.15738,62866.53887,74111.66759,73237.60931,69650.4999,64510.52729,75415.27212,64196.90424,72770.16574,69576.37561,2
ler2,Ca_ler2,86794.66313,63793.58412,65512.94647,65307.19348,70956.06131,70514.40807,73533.70061,62935.22555,78544.85325,62558.70573,75383.71994,66640.40547,2
ler2,Mn_ler2,233.3667033,206.1396942,195.5523734,222.6113195,226.6176113,218.3099667,210.5400818,210.590947,197.6979299,224.6891648,228.5128052,209.6160345,2
ler2,Fe_ler2,168.2380763,158.6100756,182.3221238,142.620833,153.3624654,154.7686042,138.8773779,141.9308444,163.4252,133.6155662,147.9334655,129.0603539,2
ler2,Co_ler2,1.120281993,2.433768929,1.321284137,2.251700703,1.510183007,2.092326292,1.781330068,2.558520555,1.829659993,2.143992304,1.904745706,2.261614495,2
ler2,Ni_ler2,2.663008186,2.280353612,2.178929265,2.187535106,2.487519354,2.498330842,2.493014852,2.557367895,2.650220899,2.267881067,2.484765807,2.48823469,2
ler2,Cu_ler2,4.194857854,1.905068677,6.12189181,1.484862772,5.4231348,2.543304923,3.664329392,1.329016759,3.801296105,1.814304853,3.152009343,2.216045792,2
ler2,Zn_ler2,107.0685042,107.876213,148.9563628,117.5057098,129.6503382,121.1824555,133.7939152,116.1112647,116.2143237,122.9672759,139.4945194,116.0931524,2
ler2,As_ler2,0.122904723,0.199439911,0.09882068,0.23749144,0.199659718,0.219135179,0.18748799,0.241021166,0.371008026,0.202112742,0.250554829,0.270323334,2
ler2,Se_ler2,0,0,0.395921022,0,0.523830643,0,1.115537657,0,0,0,0,0.025429783,2
ler2,Mo_ler2,0.050858627,0,0,0,0.008542677,0,0.006124867,0,0.022563517,0,0.028733352,0,2
ler2,Cd_ler2,7.300323044,12.25380566,6.336593229,12.54968854,7.97917589,10.92168743,10.23046876,13.12111082,7.778154078,9.54762571,8.700301512,11.14445331,2
col0,Li_col0,12.82661501,11.77766751,11.53691634,11.29128909,11.80268498,10.67869301,12.5119301,11.28743321,11.17188077,0,10.54747371,0,3
col0,B_col0,104.2780719,29.5469941,61.60826048,108.4357739,0,181.6277701,130.5875743,113.4056617,161.7996525,0,104.1224969,0,3
col0,Na_col0,1923.580086,1633.533026,1711.677779,1786.369686,1812.44599,1491.317474,1987.239956,1727.153284,2042.110949,0,2061.200448,0,3
col0,Mg_col0,29791.3796,34049.07559,30600.35908,30569.75493,29590.79894,32586.01172,30257.77894,30661.03879,29394.66383,0,30797.27099,0,3
col0,P_col0,16445.43506,17924.95409,19041.76496,18297.97721,22068.88053,17947.80332,17368.27758,17869.27864,20520.06952,0,19897.24894,0,3
col0,K_col0,65616.87372,62917.9784,74441.50827,75126.02339,80952.3536,78240.42396,81156.11964,70866.08553,74926.88146,0,72779.50035,0,3
col0,Ca_col0,76498.06383,76090.73537,73270.90796,73469.4901,66588.8529,77090.56469,73648.0936,75349.17904,71039.16592,0,68626.19111,0,3
152-54,Ca_152-54,69710.49545,61840.26272,65291.42223,61312.06422,65211.82971,69782.03818,60524.5678,69648.82337,64424.04816,62441.01981,61162.53407,59686.49299,1
152-54,Se_152-54,0.564758347,0.368410076,0.026466585,1.357420585,0.974266474,0.856014792,0.505952854,0.255859007,0.425495708,0.16763881,0.93590496,0.289782249,1
152-54,As_152-54,0.357494816,0.382677743,0.391748533,0.542540475,0.416301196,0.573945007,0.423604198,0.388032618,0.492318524,0.523730104,0.409966261,0.372854154,1
152-54,Zn_152-54,136.6786738,124.4617522,137.7514388,125.2619731,125.643583,115.3119582,121.4219073,133.045168,127.3631449,133.9174327,107.5145753,155.4354398,1
152-54,Cu_152-54,4.113475644,1.314927927,2.909843488,1.457230922,2.254747537,2.476526948,1.366716584,1.509310465,4.037925714,3.965892163,1.336268407,2.651142177,1
152-54,Ni_152-54,5.003735107,2.779111275,2.597185079,2.750131253,3.012896619,2.970721054,2.978106953,4.641991764,2.62864966,2.756762957,3.82265838,3.239356891,1
152-54,Co_152-54,2.737150411,3.268405907,2.719354081,3.61099541,3.554638607,2.951437025,3.622663101,3.880326177,2.674626042,2.737401401,3.866979056,2.960461984,1
152-54,Mo_152-54,0.204680189,0.149255421,0.112341633,0.172101538,0.126338867,0.13583801,0.293337435,0.089959906,0.223827877,0.357543411,0.171299416,0.143593592,1
152-54,Mn_152-54,257.4598572,163.9753775,217.3800496,158.1637378,215.7987203,208.4963099,207.1255086,182.4965905,237.2209965,224.8199406,179.8311464,201.5202132,1
152-54,Cd_152-54,11.55747553,15.07767576,10.08651507,14.28357217,14.53432917,11.71096219,15.40563747,18.34818296,12.16803498,14.49212506,11.6969653,15.88955263,1
152-54,K_152-54,67802.7966,83221.20462,69969.51898,85409.13133,74858.89292,67624.84169,72859.92204,75408.68254,72905.40556,69249.83386,79888.02005,65622.33112,1
152-54,P_152-54,16692.36493,18128.5717,19035.47856,20896.007,18071.58568,18558.42683,20492.27668,17249.26246,17599.53053,16447.64227,20051.41289,18162.47156,1
152-54,Mg_152-54,27701.37704,26487.69764,25248.26029,24888.42049,24731.82542,26598.8865,24789.31766,27670.0603,25826.73278,25357.1852,26426.20358,23561.39971,1
152-54,Na_152-54,1431.569011,1478.985539,1668.969912,1428.357217,1573.948782,1634.23977,1651.039722,1292.178932,1798.21911,1672.193099,1958.235239,1916.470352,1
152-54,B_152-54,30.95241383,88.73090888,200.2494651,201.8307603,161.8562828,46.83731181,116.5419869,17.80630147,198.5837016,211.3959281,272.3874932,519.3112659,1
152-54,Fe_152-54,138.1491917,141.8132089,142.0929818,139.1641272,132.5095109,132.1773126,128.4367928,126.5274327,119.5671497,118.4604567,122.8421427,111.4386496,1
col0,Co_col0,2.211993343,3.406231584,3.050736603,2.181705341,1.879803375,1.785300188,1.642583243,1.648603223,3.743965963,2.272980903,2.841129732,2.564815793,1
col0,Cd_col0,10.84023228,11.26792314,15.01848465,11.82501867,10.40447597,9.958076834,6.851861624,6.61985056,11.11815102,10.77736701,11.51959671,11.70867762,1
col0,Mg_col0,30413.49991,30311.0423,29532.3619,27703.81007,29843.35178,29656.51097,26931.57656,28856.61298,30077.5753,29376.87509,25342.45843,27939.69027,1
col0,P_col0,16789.96475,18427.3086,17913.5627,18072.31267,14938.24939,15623.96855,21141.27096,17567.13316,17463.77401,18998.50743,17683.44795,16012.38589,1
col0,K_col0,70934.78396,79209.2219,71029.90605,80196.83428,73218.04683,70033.11714,88984.35155,82066.76586,79768.0143,75108.33885,74463.51071,65749.97391,1
col0,Ca_col0,61469.30048,67739.16247,67908.18231,70774.38794,78816.20735,69877.60319,65457.07535,77251.77849,71491.11476,70153.73156,68509.0472,68179.16014,1
col0,Na_col0,1718.43599,1617.090346,1556.585539,1322.475186,1282.05242,1782.189909,1298.159893,1062.628345,1606.976987,1631.95118,1924.731254,1939.300339,1
col0,Fe_col0,145.4754664,152.5893972,138.767035,128.3088754,133.7297425,141.4140219,121.5631399,134.3956852,167.1836902,140.4828474,132.0451359,121.1354199,1
col0,B_col0,0,106.7561679,258.8037275,102.6471003,65.85204614,284.5905352,362.7260403,0,254.1637398,235.9357685,350.0701075,250.5705594,1
col0,Mn_col0,132.5938962,151.3477519,140.6021033,144.789964,135.3792429,141.3826958,115.6583202,148.0749182,129.3195563,0,132.3263643,0,3
col0,Fe_col0,159.3022719,159.3514524,147.4089273,145.5958451,1726.830659,162.6800892,150.8115057,133.2308974,129.4255849,0,132.5195415,0,3
col0,Co_col0,0.947158139,0.955441739,1.269017441,1.875016603,2.086873705,1.351334607,1.872232621,1.216080624,1.630013101,0,1.68305613,0,3
col0,Ni_col0,2.542653857,2.392217129,2.737904046,2.835358201,85.3860047,9.918786015,2.470270765,2.586910995,2.578615694,0,2.570705245,0,3
col0,Cu_col0,4.360719372,3.665583636,4.8644946,2.599414135,3.433021908,6.169244931,1.714694271,2.929286506,3.140567305,0,1.685953787,0,3
col0,Zn_col0,136.7567758,129.393157,127.8122111,124.9563357,106.2547417,138.4830507,121.3001895,132.8324002,116.207352,0,125.1305145,0,3
col0,As_col0,0.165237467,0.475831107,0.235940995,0.145551074,0.525540539,0.204674949,0.100815864,0.121940143,0.597647908,0,0.637484675,0,3
col0,Se_col0,0.506552373,0.884853548,0.485582349,0.964371003,0.150438368,0.565430796,0,0.495796934,0,0,0,0,3
col0,Mo_col0,0.312999082,0.184863248,0.208930477,0.214409134,0.149291734,0.38115335,0.141741116,0.211602014,0.185231974,0,0.142419872,0,3
col0,Cd_col0,6.858447102,16.64102715,6.416623893,9.084070409,10.96946435,18.24776661,8.653759495,6.429088172,7.245288066,0,7.104090579,0,3
152-54,Li_152-54,9.946129182,16.8370837,10.26439702,15.41227761,12.17749109,15.28054934,12.28555929,16.13165736,11.00827753,13.01531229,10.04217902,10.68017684,3
152-54,B_152-54,143.6025171,83.93037063,76.73418685,112.0436739,83.74670875,42.48163928,105.184243,202.4061579,63.94711096,123.9802396,90.16947047,119.3445921,3
152-54,Na_152-54,1296.205222,1813.194215,1714.523934,1693.916836,2065.093652,1781.304001,1635.344448,1971.217384,1694.096238,1686.274965,1567.140302,1422.7718,3
152-54,Mg_152-54,25062.89462,24888.74899,27857.45977,26466.10648,26700.87778,24340.44555,27127.50769,26886.09561,26566.50919,28659.81565,28006.02621,26763.03104,3
152-54,P_152-54,20108.40514,17076.43632,19508.75181,19770.72634,21568.12878,16518.25957,18418.41121,16170.32385,19385.01427,18681.95391,19985.65558,20163.65313,3
152-54,K_152-54,99393.74595,79653.41392,79684.13475,71756.69713,76197.51091,73691.91163,66739.12915,58051.28217,66792.9248,69469.43349,90647.063,65968.74348,3
152-54,Ca_152-54,62142.1993,52343.672,65751.8507,60251.25269,64556.22452,52147.90649,66168.28499,63928.58783,64717.15471,60030.47427,64188.4366,65618.24541,3
152-54,Mn_152-54,196.4909324,170.0580768,188.2635423,141.6137414,141.2123316,183.8730903,202.9475118,182.6346955,204.5972749,168.1049244,167.1892265,199.8590054,3
152-54,Fe_152-54,195.1737879,134.3906122,146.2534409,150.0725729,133.6631337,193.7533708,137.7719992,127.4189555,121.4325505,123.6209712,133.2801566,121.7480074,3
152-54,Co_152-54,1.435011983,1.402370943,1.64130836,2.60073224,2.752282315,2.37768772,2.009867861,2.545543568,2.07911811,2.244120722,1.335348726,1.502134576,3
152-54,Ni_152-54,2.23948328,1.837129478,2.298826867,2.196787196,2.444670142,15.36615466,2.461082948,2.169189785,2.252210552,2.194476369,2.374908475,2.080206033,3
152-54,Cu_152-54,5.920395401,1.850470444,3.156799665,1.491765102,0.976456992,2.124438653,4.6263197,1.209745414,2.453091529,4.618231263,6.202335045,4.551467767,3
152-54,Zn_152-54,114.9630687,100.2141966,109.3257799,125.2695587,105.5476633,123.0576453,111.6124447,99.99152911,117.6492921,129.9898191,121.7542567,138.6970926,3
152-54,As_152-54,0.229351998,0.263130933,0.235356084,0.204123072,0.296041441,0.260240168,0.294108844,0.218517193,0.241458934,1.240455611,0.42028143,0.180556576,3
152-54,Se_152-54,1.196575066,0.553257703,0.466660432,0.969181364,0,0.764027467,0.66888045,0.021854297,0.413814812,0.135444166,0,0.002733885,3
152-54,Mo_152-54,0.394467874,0.094995525,0.238803613,0.139212294,0.126890022,0.105187535,0.307759465,0.125769185,0.176473938,0.28545503,0.472816609,0.215781632,3
152-54,Cd_152-54,37.52173012,9.891933817,6.042061957,16.64167556,9.708127315,13.02984285,8.860494276,23.95775384,8.755062574,10.62454477,5.829812868,8.189136999,3
fpt2,Li_fpt2,9.528448545,13.24975357,12.23598628,15.31656552,11.36583449,11.3769893,12.62585339,8.726499075,8.822559016,13.91254354,11.36906115,13.73641909,3
fpt2,B_fpt2,122.7657791,0,93.44670847,77.17399331,38.41742623,83.54337327,22.59208442,181.4875956,75.95869712,80.19686735,158.1248472,146.7823861,3
fpt2,Na_fpt2,2643.724452,2501.368828,2626.815017,2592.530249,2171.73475,2399.940211,3821.7891,2650.968908,2029.930699,2456.544828,2498.960576,2870.129842,3
fpt2,Mg_fpt2,31639.48941,27660.75391,32497.93073,29751.75675,32037.16296,31849.20656,33600.316,30619.39844,30885.50472,32311.31035,30899.28468,26508.68301,3
fpt2,P_fpt2,16416.77281,15290.95131,15407.71762,16251.68216,16460.08302,14740.54187,19957.67175,21869.31424,23577.7542,15446.71187,18365.40647,18676.31831,3
fpt2,K_fpt2,86224.05894,86119.79182,78364.8796,71960.9868,84949.42434,84270.62788,95754.80825,122465.8012,122232.3862,86723.64701,72307.97319,100100.8968,3
fpt2,Ca_fpt2,69843.28783,59158.67107,65443.01116,57181.84463,69462.90881,76316.28059,73570.28049,61910.97317,63211.60542,62904.65226,64046.33137,62055.85533,3
fpt2,Mn_fpt2,146.0468751,151.3948434,137.1385393,145.4805013,140.737106,149.1781018,118.7376429,130.0130437,134.892169,126.6345295,135.2750811,141.4218323,3
fpt2,Fe_fpt2,172.6881292,395.833683,170.6747668,125.219641,153.506689,150.08717,159.4512932,151.2986259,140.4362808,143.0640094,143.6111521,148.9787241,3
fpt2,Co_fpt2,1.212657085,2.081588938,1.45778381,3.0079585,1.305938911,1.368602268,2.81214099,1.265931994,1.301338368,1.715717826,1.886780361,2.296476134,3
fpt2,Ni_fpt2,2.428314311,2.269840744,2.533974613,2.2415928,2.311203954,2.749931492,2.91508056,2.47879744,2.567316654,11.08052133,2.370570197,2.704101578,3
fpt2,Cu_fpt2,4.108993428,2.233055909,4.194870489,0.457777211,6.104041792,3.848995021,0.947884368,5.876825424,8.992811268,4.853823496,3.270419292,1.421663536,3
fpt2,Zn_fpt2,77.1036296,84.82150351,81.81323746,74.00319554,96.99449197,74.72541113,77.14165333,101.0622933,125.0262693,76.25829341,100.9632173,94.29363021,3
fpt2,As_fpt2,0.356896801,0.301347144,0.570305338,0.423865798,0.330378998,0.289492788,0.242811337,0.201593921,0.274368053,1.326736762,0.535145988,0.215129447,3
fpt2,Se_fpt2,1.516871406,0.483684526,0.530137653,0.652969372,1.3466929,0.470442826,0,1.609685302,0.211942227,0.685311865,0.860401616,0.973461678,3
fpt2,Mo_fpt2,0.212229991,0.184429068,0.30607018,0.139837556,0.390287361,0.331446288,0.177140093,0.413978041,0.684937907,0.343106055,0.272485322,0.191751476,3
fpt2,Cd_fpt2,2.737328858,5.009950369,7.605334302,8.17420918,3.979400539,2.757658572,6.151164514,4.548392829,3.551287362,4.0811128,4.127099448,9.444253448,3
ler2,Li_ler2,14.61419973,13.22316391,13.36070438,9.806285597,13.42046324,11.45750278,10.93318657,13.50463453,15.80957446,12.91250226,9.96993182,12.62318824,3
ler2,B_ler2,0,163.7869166,87.79176145,234.292078,36.04735789,57.47472801,21.08941903,141.8451138,68.00717422,125.4579609,159.4963442,91.81083798,3
ler2,Na_ler2,1706.665141,1550.408263,1615.218197,1576.064204,1547.803367,1377.427724,1951.224871,1746.565617,2079.000912,1727.963943,1700.266381,1747.678006,3
ler2,Mg_ler2,34711.23713,32179.44784,32437.88753,30286.04503,32665.92431,32935.64015,31013.03049,32118.90252,32756.27471,31477.46535,30440.07097,30703.05836,3
ler2,P_ler2,9819.857731,9805.638739,8057.314228,13819.55209,10358.03284,11368.57609,12808.11175,11853.50505,9965.276793,12460.60172,12523.52809,10945.44302,3
ler2,K_ler2,69100.84125,78522.16798,57415.14437,93071.48181,70946.30437,77319.42237,86953.72636,79811.62998,64569.35206,75526.65551,75366.81768,70285.65549,3
ler2,Ca_ler2,82971.26466,80024.80024,76984.69576,65240.78952,78889.48323,80314.84794,67925.32931,74828.68165,79334.35748,72637.45535,74426.61287,70253.57623,3
ler2,Mn_ler2,170.1639625,188.1372651,181.2165494,171.3705128,192.3270095,187.8225436,158.4148947,147.7570864,161.1809696,151.1273931,174.8780949,179.3230553,3
ler2,Fe_ler2,198.6586367,200.1968522,150.2974928,185.4875306,151.686006,202.7996714,160.7876288,168.1956202,135.0006317,169.3145377,155.5098758,165.5931326,3
ler2,Co_ler2,2.012719049,1.081124648,1.045239365,1.309353403,1.225610168,1.263227125,1.7609409,2.222901694,2.048148662,2.115042683,1.333586504,2.54965947,3
ler2,Ni_ler2,2.836401076,2.588765685,2.334159285,2.310653311,2.595409768,2.832549299,2.543477913,2.839858263,2.5497181,2.7932639,2.727346117,2.518542589,3
ler2,Cu_ler2,2.032821112,7.120165183,3.133631789,6.367783398,3.981159526,6.01425289,2.46531726,4.277734453,0.683597714,5.041283872,6.118852913,4.580918121,3
ler2,Zn_ler2,106.8927195,115.8568003,97.05496062,146.8169854,119.1795832,135.2621856,129.5698919,128.8387741,96.56754291,142.941326,155.6603086,145.2548827,3
ler2,As_ler2,0.099806742,0.502033292,0.103981497,0.223401807,0.17628115,0.096930099,0.064947781,0.443397944,0.124687165,0.485607873,0.12858241,0.528666181,3
ler2,Se_ler2,0.743776328,0,1.091555361,0.707867608,0.686813819,0,1.214281572,0.503784522,0,0.34888944,0.87927954,0.032913319,3
ler2,Mo_ler2,0,0.1397448,0.06263091,0.076433568,0.066161257,0.080829687,0,0.058275158,0,0.067340588,0.112034805,0.065570004,3
ler2,Cd_ler2,7.965442428,11.26588907,5.474467254,6.720708843,5.91750875,6.056376062,7.513658003,10.10525029,8.731186787,9.219511798,5.953376866,10.25573896,3
152-54,As_152-54,0.177022568,0,0.113227373,0.032570659,0,0,0,0.090769896,0,0,0.0422144,0,4
col0,As_col0,0.276508312,0.099895687,0.197732757,0,0.08321232,0.086589906,0.119614257,0.660956006,0.385514628,0,0,0,4
fpt2,As_fpt2,0.055493671,0.056515389,0.285272301,0.285842796,0,0,0,0,0,0,0,0,4
ler2,As_ler2,0,0,0.114653164,0,0.053764147,0,0,0,0,0,0,0,4
152-54,B_152-54,91.31504171,91.97887777,94.48903975,91.46326628,248.5266511,170.8451762,164.2412531,72.15975342,416.6446992,298.3068292,406.064084,536.6432521,4
col0,B_col0,26.14793585,0,137.5009338,192.5783061,88.17713239,193.4868538,483.6348096,234.5717403,125.8049067,48.60244547,276.3075157,267.687093,4
fpt2,B_fpt2,117.2303807,0,0,10.87091257,75.20021145,176.4473717,152.1725156,63.73353487,480.9777667,0,855.2079927,628.9023423,4
ler2,B_ler2,267.9028511,109.5691626,103.0361479,2.344650272,61.25639973,152.722134,222.9350431,0,423.0038887,120.6631458,572.6273314,652.2920663,4
152-54,Ca_152-54,70376.88848,66313.38355,72871.29413,72290.32493,74352.73989,77297.67457,68430.04616,74506.68081,69239.65131,76674.21508,67831.36952,70653.89016,4
col0,Ca_col0,77832.87447,73048.47099,72909.56949,81323.48846,75920.25241,71264.63218,65397.63174,72956.4012,70370.09041,77772.53021,70692.7975,76808.68248,4
fpt2,Ca_fpt2,68993.57405,74611.1822,75695.84705,69280.26327,72816.11017,70172.28379,72870.29819,68266.55832,75612.6481,0,74942.96412,75385.2881,4
ler2,Ca_ler2,82671.72782,81544.61072,81558.64009,84002.1616,73764.9244,74369.93862,79482.17383,87531.49727,83404.08777,90400.05035,85565.58447,80792.29997,4
152-54,Cd_152-54,6.883353566,6.275235051,6.937170007,10.53678168,6.379674527,9.026201747,12.483798,7.81427655,12.13830924,8.962299144,8.820850437,10.96695926,4
col0,Cd_col0,5.828301589,7.128537021,3.991736293,6.953844608,4.933782071,4.770677391,3.950872416,3.281105434,4.077295671,6.600970431,5.469665955,4.866801837,4
fpt2,Cd_fpt2,4.595302859,4.572855777,6.113895339,3.409707969,5.620821823,6.493082537,4.08594172,5.393135595,9.39591229,0,6.406575628,7.16506041,4
ler2,Cd_ler2,7.802643319,5.015027736,5.093921917,5.569268054,5.405354748,3.460426004,6.504630892,5.149871774,3.337724411,5.030874707,5.60497538,10.25701856,4
152-54,Co_152-54,1.096809402,0.909800514,1.046334327,1.65754246,0.97391617,1.579252317,1.676239006,1.226682753,1.319927993,1.191578409,1.392668581,1.337529216,4
col0,Co_col0,1.083795285,1.192497255,0.684498089,1.08576399,0.936073957,0.836346187,0.65210031,0.695260009,0.752232001,1.121130879,0.889191942,0.668308293,4
fpt2,Co_fpt2,1.296097381,1.07107531,1.632940954,0.872832581,1.586841646,1.905450874,1.388253538,1.491635922,2.128481522,0,1.526301779,1.687984952,4
ler2,Co_ler2,1.307214941,0.907722071,0.96648785,0.912966291,1.201654414,0.774729959,1.128261912,0.991615563,0.949027175,1.157490419,1.132114053,1.171932263,4
152-54,Cu_152-54,4.994804169,5.484859425,5.169653511,3.176039414,5.516763855,3.207342913,3.135805722,4.264135681,2.378887366,3.278901759,3.687291068,3.032229453,4
col0,Cu_col0,3.641975738,3.474109948,3.699095821,3.307177518,3.40348216,3.877336386,4.052176837,4.11792985,4.624124931,4.069593063,3.77688208,3.294250597,4
fpt2,Cu_fpt2,3.227704017,3.105629325,2.605683966,3.784907495,3.122364502,1.529059938,3.341995462,2.851542958,1.487081018,0,2.567619796,2.54004619,4
ler2,Cu_ler2,3.57760269,5.421725501,5.600918847,3.618866383,6.025957643,5.787201761,4.490403154,2.540929866,8.028228785,7.414944927,3.539372641,2.478605402,4
152-54,Fe_152-54,181.1381757,171.6678488,191.3259084,154.4838909,154.8212544,183.0103473,156.7445747,180.1514687,155.8772106,149.2746578,150.9571419,150.3877983,4
col0,Fe_col0,185.23491,225.8772523,238.6222474,159.2989535,189.1283127,200.5795424,192.6284804,156.6871583,175.7372535,147.6170019,149.1303578,142.4442481,4
fpt2,Fe_fpt2,161.0917247,238.2884442,182.2608716,188.4883932,155.8555699,179.8362456,166.4119667,173.4946925,173.3475627,0,164.2558175,174.7463253,4
ler2,Fe_ler2,196.9169425,208.6803827,207.2300052,205.3450498,189.5250499,203.7674257,188.0625224,196.9628719,174.9768853,189.1686737,183.9685337,175.8942898,4
152-54,K_152-54,79997.12104,97059.86394,80534.96215,82260.25443,78499.73777,91904.75955,86486.07036,85084.38172,81005.86656,84676.26789,77673.38704,82855.16436,4
col0,K_col0,83249.81445,92202.15675,67648.05417,82461.81642,80833.34776,89587.41084,89673.1726,76290.17052,90773.65718,88501.26153,102778.2435,90268.39071,4
fpt2,K_fpt2,91297.76118,87218.46135,67518.29797,81556.52845,84777.02505,96244.02091,79079.14503,86437.39592,82631.74796,0,89811.80787,89586.30873,4
ler2,K_ler2,87171.85699,77990.27731,86149.55718,85970.50998,92479.47802,88954.30767,92955.64774,93720.59304,93237.7575,80474.53352,83139.62579,77449.89066,4
152-54,Li_152-54,15.7216207,13.08028233,15.58426825,14.74149108,14.18357055,16.57837547,15.6881709,14.75258724,16.12574886,14.51523882,14.18082242,12.55241553,4
col0,Li_col0,18.30762798,17.71916285,16.43096071,17.22892843,16.77175603,14.8313183,13.65358473,18.44202539,16.27500585,16.51535226,15.11684533,16.62455854,4
fpt2,Li_fpt2,14.39633896,15.75909893,17.81506898,12.82260835,14.76526451,12.73764765,12.43628303,12.25853522,15.41297513,0,13.98070476,14.40850308,4
ler2,Li_ler2,16.97710021,12.94597592,15.31370256,13.99264125,12.31559113,10.84001331,15.99267386,15.84680564,13.52259664,14.65473367,14.05034405,17.91322488,4
152-54,Mg_152-54,24827.40233,21192.48931,24705.36215,23080.88696,24492.42085,24800.96555,23011.14578,23218.0535,22954.17634,24583.27617,23015.53485,21951.65292,4
col0,Mg_col0,26237.53937,24418.94582,24403.40917,25448.32589,26184.21239,24989.06149,23465.1055,24988.7753,23373.53319,24908.75331,24835.6492,25589.03603,4
fpt2,Mg_fpt2,23328.68567,25926.43483,25945.52224,23746.1805,24657.26439,25190.62988,23694.00053,24063.76809,26425.70077,0,26599.26376,26603.86008,4
ler2,Mg_ler2,27116.90739,26862.55827,25537.47531,26381.65751,23740.4724,25181.30954,25441.08897,29047.94288,25791.27031,27450.86567,26609.73433,25308.30547,4
152-54,Mn_152-54,170.7462667,170.3650319,175.5555858,131.443017,181.8814629,160.9887237,122.3695615,174.0362353,127.316483,156.7917377,126.1441681,109.5986549,4
col0,Mn_col0,79.78786033,72.36727296,101.2215329,113.8997562,104.9333734,78.01957362,85.1707539,108.0334524,100.4115229,111.2944297,99.9831411,111.0555849,4
fpt2,Mn_fpt2,116.216554,151.9394504,122.7916795,136.9478268,120.0536422,98.41290025,132.8395793,125.3361613,77.83939702,0,113.2626688,107.7064422,4
ler2,Mn_ler2,240.9746588,197.9490299,241.2826337,186.1825994,200.6508842,185.7696937,251.8067729,188.5293787,204.0616545,229.6978674,170.069812,102.0479342,4
152-54,Mo_152-54,0.246216219,0.377382648,0.262646749,0.244179912,0.351740821,0.257688514,0.180560242,0.303381684,0.16568239,0.223330019,0.295260525,0.201427431,4
col0,Mo_col0,0.25455545,0.210770684,0.257313154,0.244271787,0.214366108,0.258587602,0.400715265,0.277041063,0.374578043,0.208025361,0.294941532,0.358838939,4
fpt2,Mo_fpt2,0.346888805,0.365393728,0.250292942,0.427200863,0.305488231,0.202428739,0.344312159,0.328043672,0.26541879,0,0.356353295,0.356316518,4
ler2,Mo_ler2,0,0.00415652,0.070300913,0,0.053957081,0.026934537,0.023170978,0.064815475,0.120657567,0.091129868,0.058728417,0.020649823,4
152-54,Na_152-54,1354.034872,1632.429658,1402.052559,1754.240772,1541.510326,1642.742079,1728.350064,1668.301766,2115.404597,2092.658052,2160.623187,2212.545014,4
col0,Na_col0,1627.118438,1525.883585,1985.846212,1628.478583,1751.647785,1853.809241,2401.289978,2169.365837,1633.994183,1513.225075,1822.057359,2017.916875,4
fpt2,Na_fpt2,2454.52777,2038.357935,2579.567186,2039.900578,2384.101276,3188.252636,2468.295458,2501.299095,3250.085271,0,3500.664689,3776.180486,4
ler2,Na_ler2,1585.206791,1345.17849,1505.022384,1869.930958,1420.95554,1811.668255,1693.808149,2202.2299,2207.632841,1856.168956,2300.112079,2520.385518,4
152-54,Ni_152-54,3.129405063,2.523990735,2.716393773,2.659537046,2.55522092,2.924524885,4.538690236,2.965061787,2.727851186,2.61448889,2.442945849,2.232762242,4
fpt2,Ni_fpt2,5.592054571,2.672525812,2.707582222,4.288464753,2.535633137,2.903587222,2.768699544,2.688044164,2.879767244,0,2.567619796,2.797324421,4
ler2,Ni_ler2,2.797338358,2.91386987,2.753352622,3.04862428,2.514888726,2.681041459,2.934726418,3.101349087,3.219096014,3.030201903,2.778228103,2.760621187,4
152-54,P_152-54,15448.9617,17831.22154,15318.4763,16802.16547,16441.38051,15930.15832,16396.69843,16861.51636,15944.73016,19345.56888,16283.22522,19660.36713,4
col0,P_col0,14727.56013,15459.18821,13800.20305,13579.58292,14708.25598,16156.97555,15555.85664,13605.64409,14514.89917,13874.10234,15355.59366,14280.8024,4
fpt2,P_fpt2,15404.82972,14737.47459,12711.59332,14784.1778,15379.47366,17269.70178,14722.77453,16005.05973,17538.06812,0,18146.97473,17114.99629,4
ler2,P_ler2,9842.217991,10054.66239,8427.326933,10293.30416,10572.75813,9991.844327,9182.342304,9841.342389,10624.52572,10679.66149,9845.348999,9249.073255,4
152-54,Se_152-54,1.716722784,0.332652599,0,0.358450643,0.341017271,0.074633769,0.001609043,1.360887333,0.844251086,0.192437246,0.615934711,1.444290365,4
col0,Se_col0,0.285020647,1.33033968,0.859881933,0.207075247,0.555955527,0.906850888,0.242905489,0,0.400210665,1.445578055,1.838362123,0.738465073,4
fpt2,Se_fpt2,1.769394366,1.776430842,0,0.505531992,0.741495905,0.842699995,0,0,1.46820206,0,0.387088892,1.114411262,4
152-54,Zn_152-54,92.13816321,91.41432375,94.0017545,106.7349309,104.4708357,101.2284308,120.2211232,93.14987867,114.0417786,103.7842,105.0277268,130.1351019,4
col0,Zn_col0,113.0633488,116.5249334,98.51561073,109.1455629,95.31404985,112.9763956,108.4707707,82.86107818,94.73816932,108.0197968,106.7962031,103.9359709,4
fpt2,Zn_fpt2,86.86893933,80.64311317,79.29225608,80.53624904,88.4946067,89.87293783,77.77788971,86.32116455,103.5922324,0,107.2253195,103.6029005,4
ler2,Zn_ler2,121.2857394,109.0223421,93.25549841,107.2170939,120.2940637,100.9527957,102.5229464,86.37529257,90.79234757,103.0502189,110.3811202,119.3866824,4
